                 precision    recall  f1-score   support

          Faces     0.0000    0.0000    0.0000        87
     Faces_easy     0.0000    0.0000    0.0000        87
       Leopards     0.0000    0.0000    0.0000        40
     Motorbikes     0.1167    0.0440    0.0639       159
      accordion     0.0000    0.0000    0.0000        11
      airplanes     0.0943    0.9875    0.1721       160
         anchor     0.0000    0.0000    0.0000         9
            ant     0.0000    0.0000    0.0000         9
         barrel     0.0000    0.0000    0.0000         9
           bass     0.0000    0.0000    0.0000        11
         beaver     0.0000    0.0000    0.0000         9
      binocular     0.0000    0.0000    0.0000         7
         bonsai     0.0000    0.0000    0.0000        25
          brain     0.0000    0.0000    0.0000        19
   brontosaurus     0.0000    0.0000    0.0000         9
         buddha     0.0000    0.0000    0.0000        17
      butterfly     0.0000    0.0000    0.0000        18
         camera     0.0000    0.0000    0.0000        10
         cannon     0.0000    0.0000    0.0000         9
       car_side     0.0000    0.0000    0.0000        25
    ceiling_fan     0.0000    0.0000    0.0000         9
      cellphone     0.0000    0.0000    0.0000        12
          chair     0.0000    0.0000    0.0000        13
     chandelier     0.0000    0.0000    0.0000        21
    cougar_body     0.0000    0.0000    0.0000         9
    cougar_face     0.0000    0.0000    0.0000        14
           crab     0.0000    0.0000    0.0000        15
       crayfish     0.0000    0.0000    0.0000        14
      crocodile     0.0000    0.0000    0.0000        10
 crocodile_head     0.0000    0.0000    0.0000        10
            cup     0.0000    0.0000    0.0000        11
      dalmatian     0.0000    0.0000    0.0000        13
    dollar_bill     0.0000    0.0000    0.0000        11
        dolphin     0.0000    0.0000    0.0000        13
      dragonfly     0.0000    0.0000    0.0000        13
electric_guitar     0.0000    0.0000    0.0000        15
       elephant     0.0000    0.0000    0.0000        13
            emu     0.0000    0.0000    0.0000        11
      euphonium     0.0000    0.0000    0.0000        13
           ewer     0.0000    0.0000    0.0000        17
          ferry     0.0000    0.0000    0.0000        13
       flamingo     0.0000    0.0000    0.0000        13
  flamingo_head     0.0000    0.0000    0.0000         9
       garfield     0.0000    0.0000    0.0000         7
        gerenuk     0.0000    0.0000    0.0000         7
     gramophone     0.0000    0.0000    0.0000        10
    grand_piano     0.0000    0.0000    0.0000        20
      hawksbill     0.0000    0.0000    0.0000        20
      headphone     0.0000    0.0000    0.0000         9
       hedgehog     0.0000    0.0000    0.0000        11
     helicopter     0.0000    0.0000    0.0000        17
           ibis     0.0000    0.0000    0.0000        16
   inline_skate     0.0000    0.0000    0.0000         6
    joshua_tree     0.0000    0.0000    0.0000        13
       kangaroo     0.0000    0.0000    0.0000        17
          ketch     0.0000    0.0000    0.0000        23
           lamp     0.0000    0.0000    0.0000        12
         laptop     0.0000    0.0000    0.0000        16
          llama     0.0000    0.0000    0.0000        15
        lobster     0.0000    0.0000    0.0000         8
          lotus     0.0000    0.0000    0.0000        13
       mandolin     0.0000    0.0000    0.0000         9
         mayfly     0.0000    0.0000    0.0000         8
        menorah     0.0000    0.0000    0.0000        17
      metronome     0.0000    0.0000    0.0000         7
        minaret     0.0000    0.0000    0.0000        15
       nautilus     0.0000    0.0000    0.0000        11
        octopus     0.0000    0.0000    0.0000         7
          okapi     0.0000    0.0000    0.0000         8
         pagoda     0.0000    0.0000    0.0000         9
          panda     0.0000    0.0000    0.0000         7
         pigeon     0.0000    0.0000    0.0000         9
          pizza     0.0000    0.0000    0.0000        11
       platypus     0.0000    0.0000    0.0000         7
        pyramid     0.0000    0.0000    0.0000        11
       revolver     0.0000    0.0000    0.0000        17
          rhino     0.0000    0.0000    0.0000        12
        rooster     0.0000    0.0000    0.0000        10
      saxophone     0.0000    0.0000    0.0000         8
       schooner     0.0000    0.0000    0.0000        13
       scissors     0.0000    0.0000    0.0000         8
       scorpion     0.0000    0.0000    0.0000        17
      sea_horse     0.0000    0.0000    0.0000        11
         snoopy     0.0000    0.0000    0.0000         7
    soccer_ball     0.0000    0.0000    0.0000        13
        stapler     0.0000    0.0000    0.0000         9
       starfish     0.0000    0.0000    0.0000        17
    stegosaurus     0.0000    0.0000    0.0000        12
      stop_sign     0.0000    0.0000    0.0000        13
     strawberry     0.0000    0.0000    0.0000         7
      sunflower     0.0000    0.0000    0.0000        17
           tick     0.0000    0.0000    0.0000        10
      trilobite     0.0000    0.0000    0.0000        17
       umbrella     0.0000    0.0000    0.0000        15
          watch     0.0000    0.0000    0.0000        48
    water_lilly     0.0000    0.0000    0.0000         7
     wheelchair     0.0000    0.0000    0.0000        12
       wild_cat     0.0000    0.0000    0.0000         7
  windsor_chair     0.0000    0.0000    0.0000        11
         wrench     0.0000    0.0000    0.0000         8
       yin_yang     0.0000    0.0000    0.0000        12

       accuracy                         0.0950      1736
      macro avg     0.0021    0.0102    0.0023      1736
   weighted avg     0.0194    0.0950    0.0217      1736
