                 precision    recall  f1-score   support

          Faces     0.9355    1.0000    0.9667        87
     Faces_easy     1.0000    0.9310    0.9643        87
       Leopards     0.8333    1.0000    0.9091        40
     Motorbikes     0.9753    0.9937    0.9844       159
      accordion     1.0000    0.9091    0.9524        11
      airplanes     0.9464    0.9938    0.9695       160
         anchor     1.0000    0.2222    0.3636         9
            ant     0.8000    0.4444    0.5714         9
         barrel     1.0000    0.8889    0.9412         9
           bass     0.5000    0.2727    0.3529        11
         beaver     0.3333    0.3333    0.3333         9
      binocular     0.7778    1.0000    0.8750         7
         bonsai     0.8571    0.9600    0.9057        25
          brain     0.8333    0.7895    0.8108        19
   brontosaurus     1.0000    0.3333    0.5000         9
         buddha     0.8889    0.9412    0.9143        17
      butterfly     0.8667    0.7222    0.7879        18
         camera     0.6667    0.6000    0.6316        10
         cannon     0.8000    0.8889    0.8421         9
       car_side     0.9615    1.0000    0.9804        25
    ceiling_fan     0.6364    0.7778    0.7000         9
      cellphone     0.7143    0.8333    0.7692        12
          chair     0.6667    0.6154    0.6400        13
     chandelier     1.0000    0.9048    0.9500        21
    cougar_body     0.6667    0.4444    0.5333         9
    cougar_face     0.8571    0.8571    0.8571        14
           crab     0.5714    0.5333    0.5517        15
       crayfish     0.5625    0.6429    0.6000        14
      crocodile     0.4444    0.4000    0.4211        10
 crocodile_head     0.4667    0.7000    0.5600        10
            cup     0.9091    0.9091    0.9091        11
      dalmatian     0.9286    1.0000    0.9630        13
    dollar_bill     0.9167    1.0000    0.9565        11
        dolphin     0.8000    0.6154    0.6957        13
      dragonfly     0.6923    0.6923    0.6923        13
electric_guitar     0.6667    0.6667    0.6667        15
       elephant     0.8182    0.6923    0.7500        13
            emu     0.8333    0.9091    0.8696        11
      euphonium     0.9167    0.8462    0.8800        13
           ewer     0.8889    0.9412    0.9143        17
          ferry     0.8571    0.9231    0.8889        13
       flamingo     0.9286    1.0000    0.9630        13
  flamingo_head     1.0000    0.7778    0.8750         9
       garfield     0.8571    0.8571    0.8571         7
        gerenuk     1.0000    0.8571    0.9231         7
     gramophone     0.7273    0.8000    0.7619        10
    grand_piano     0.8333    1.0000    0.9091        20
      hawksbill     0.8947    0.8500    0.8718        20
      headphone     1.0000    0.6667    0.8000         9
       hedgehog     0.7500    0.8182    0.7826        11
     helicopter     0.8000    0.7059    0.7500        17
           ibis     0.8571    0.7500    0.8000        16
   inline_skate     0.8333    0.8333    0.8333         6
    joshua_tree     0.9091    0.7692    0.8333        13
       kangaroo     0.6818    0.8824    0.7692        17
          ketch     0.6970    1.0000    0.8214        23
           lamp     0.8462    0.9167    0.8800        12
         laptop     0.8889    1.0000    0.9412        16
          llama     0.6250    0.6667    0.6452        15
        lobster     0.6667    0.2500    0.3636         8
          lotus     0.7778    0.5385    0.6364        13
       mandolin     1.0000    0.7778    0.8750         9
         mayfly     0.6250    0.6250    0.6250         8
        menorah     0.9444    1.0000    0.9714        17
      metronome     1.0000    0.8571    0.9231         7
        minaret     1.0000    0.9333    0.9655        15
       nautilus     1.0000    1.0000    1.0000        11
        octopus     0.5556    0.7143    0.6250         7
          okapi     0.8750    0.8750    0.8750         8
         pagoda     0.8182    1.0000    0.9000         9
          panda     0.7500    0.8571    0.8000         7
         pigeon     0.6429    1.0000    0.7826         9
          pizza     0.8462    1.0000    0.9167        11
       platypus     0.5000    0.4286    0.4615         7
        pyramid     1.0000    1.0000    1.0000        11
       revolver     0.7895    0.8824    0.8333        17
          rhino     0.6923    0.7500    0.7200        12
        rooster     0.6429    0.9000    0.7500        10
      saxophone     0.8750    0.8750    0.8750         8
       schooner     1.0000    0.3077    0.4706        13
       scissors     0.8889    1.0000    0.9412         8
       scorpion     0.7368    0.8235    0.7778        17
      sea_horse     0.7143    0.4545    0.5556        11
         snoopy     1.0000    0.5714    0.7273         7
    soccer_ball     1.0000    0.8462    0.9167        13
        stapler     0.8750    0.7778    0.8235         9
       starfish     0.9286    0.7647    0.8387        17
    stegosaurus     1.0000    0.9167    0.9565        12
      stop_sign     1.0000    1.0000    1.0000        13
     strawberry     1.0000    1.0000    1.0000         7
      sunflower     0.7727    1.0000    0.8718        17
           tick     0.8889    0.8000    0.8421        10
      trilobite     0.8889    0.9412    0.9143        17
       umbrella     1.0000    1.0000    1.0000        15
          watch     0.9574    0.9375    0.9474        48
    water_lilly     0.5556    0.7143    0.6250         7
     wheelchair     0.7857    0.9167    0.8462        12
       wild_cat     0.8333    0.7143    0.7692         7
  windsor_chair     1.0000    0.9091    0.9524        11
         wrench     1.0000    0.3750    0.5455         8
       yin_yang     1.0000    1.0000    1.0000        12

       accuracy                         0.8635      1736
      macro avg     0.8292    0.7952    0.7977      1736
   weighted avg     0.8699    0.8635    0.8577      1736
