                 precision    recall  f1-score   support

          Faces     0.5735    0.8966    0.6996        87
     Faces_easy     0.4235    0.9540    0.5866        87
       Leopards     0.9524    0.5000    0.6557        40
     Motorbikes     0.8727    0.9057    0.8889       159
      accordion     0.1667    0.1818    0.1739        11
      airplanes     0.3008    1.0000    0.4624       160
         anchor     0.0000    0.0000    0.0000         9
            ant     0.0000    0.0000    0.0000         9
         barrel     0.0000    0.0000    0.0000         9
           bass     0.0000    0.0000    0.0000        11
         beaver     0.0000    0.0000    0.0000         9
      binocular     0.3750    0.4286    0.4000         7
         bonsai     0.2439    0.4000    0.3030        25
          brain     0.5000    0.2632    0.3448        19
   brontosaurus     0.0000    0.0000    0.0000         9
         buddha     0.0000    0.0000    0.0000        17
      butterfly     0.5000    0.0556    0.1000        18
         camera     0.0000    0.0000    0.0000        10
         cannon     0.0000    0.0000    0.0000         9
       car_side     0.1765    0.2400    0.2034        25
    ceiling_fan     0.0000    0.0000    0.0000         9
      cellphone     0.2222    0.1667    0.1905        12
          chair     0.0000    0.0000    0.0000        13
     chandelier     1.0000    0.0952    0.1739        21
    cougar_body     0.0000    0.0000    0.0000         9
    cougar_face     0.0000    0.0000    0.0000        14
           crab     0.2000    0.2667    0.2286        15
       crayfish     0.0000    0.0000    0.0000        14
      crocodile     0.0000    0.0000    0.0000        10
 crocodile_head     0.0000    0.0000    0.0000        10
            cup     0.0000    0.0000    0.0000        11
      dalmatian     0.2857    0.3077    0.2963        13
    dollar_bill     0.8571    0.5455    0.6667        11
        dolphin     0.0000    0.0000    0.0000        13
      dragonfly     0.1429    0.1538    0.1481        13
electric_guitar     0.1667    0.1333    0.1481        15
       elephant     0.0000    0.0000    0.0000        13
            emu     0.5000    0.0909    0.1538        11
      euphonium     0.0000    0.0000    0.0000        13
           ewer     0.3333    0.0588    0.1000        17
          ferry     0.0000    0.0000    0.0000        13
       flamingo     0.0000    0.0000    0.0000        13
  flamingo_head     0.1667    0.1111    0.1333         9
       garfield     1.0000    0.2857    0.4444         7
        gerenuk     0.0000    0.0000    0.0000         7
     gramophone     0.3333    0.1000    0.1538        10
    grand_piano     0.3514    0.6500    0.4561        20
      hawksbill     0.1250    0.0500    0.0714        20
      headphone     0.3333    0.1111    0.1667         9
       hedgehog     0.5000    0.0909    0.1538        11
     helicopter     0.0000    0.0000    0.0000        17
           ibis     0.0000    0.0000    0.0000        16
   inline_skate     1.0000    0.1667    0.2857         6
    joshua_tree     0.5000    0.0769    0.1333        13
       kangaroo     0.0000    0.0000    0.0000        17
          ketch     0.9000    0.3913    0.5455        23
           lamp     0.2222    0.1667    0.1905        12
         laptop     0.0696    0.6875    0.1264        16
          llama     0.0500    0.0667    0.0571        15
        lobster     0.0000    0.0000    0.0000         8
          lotus     0.2500    0.0769    0.1176        13
       mandolin     0.0000    0.0000    0.0000         9
         mayfly     0.0000    0.0000    0.0000         8
        menorah     0.5385    0.4118    0.4667        17
      metronome     0.1818    0.2857    0.2222         7
        minaret     0.8000    0.5333    0.6400        15
       nautilus     0.0000    0.0000    0.0000        11
        octopus     0.0000    0.0000    0.0000         7
          okapi     0.0000    0.0000    0.0000         8
         pagoda     0.5000    0.4444    0.4706         9
          panda     0.0000    0.0000    0.0000         7
         pigeon     0.0000    0.0000    0.0000         9
          pizza     0.3333    0.0909    0.1429        11
       platypus     0.0000    0.0000    0.0000         7
        pyramid     0.0000    0.0000    0.0000        11
       revolver     0.3333    0.0588    0.1000        17
          rhino     0.0000    0.0000    0.0000        12
        rooster     0.4000    0.2000    0.2667        10
      saxophone     0.0000    0.0000    0.0000         8
       schooner     0.0000    0.0000    0.0000        13
       scissors     0.0000    0.0000    0.0000         8
       scorpion     0.0000    0.0000    0.0000        17
      sea_horse     0.0000    0.0000    0.0000        11
         snoopy     0.8333    0.7143    0.7692         7
    soccer_ball     0.7500    0.4615    0.5714        13
        stapler     0.5000    0.2222    0.3077         9
       starfish     0.4000    0.1176    0.1818        17
    stegosaurus     0.3333    0.0833    0.1333        12
      stop_sign     0.7500    0.4615    0.5714        13
     strawberry     0.0000    0.0000    0.0000         7
      sunflower     1.0000    0.1176    0.2105        17
           tick     1.0000    0.1000    0.1818        10
      trilobite     0.5556    0.5882    0.5714        17
       umbrella     0.2857    0.1333    0.1818        15
          watch     0.5246    0.6667    0.5872        48
    water_lilly     0.0000    0.0000    0.0000         7
     wheelchair     0.5000    0.0833    0.1429        12
       wild_cat     0.0000    0.0000    0.0000         7
  windsor_chair     0.2857    0.1818    0.2222        11
         wrench     0.0000    0.0000    0.0000         8
       yin_yang     0.7143    0.8333    0.7692        12

       accuracy                         0.3969      1736
      macro avg     0.2586    0.1729    0.1750      1736
   weighted avg     0.3663    0.3969    0.3260      1736
